// 4 Speed
6924821     75
6953700     75
6954407     75
6953278     75
6923631     75
6862700     75

// 4 Speed
5898964     75
5897274     75
5959477     75
5837138     75
5868571     75
5957455     75
5897525     75

// 5 speed
4389328     75
4449377     75
4389125     75
4419122     75
4419430     75

4480183     77
4479858     77
4479654     77
4539718     77
4479691     77

4601757     79
4600666     79
4600190     79

//  7 speed
3906578     87
3906275     87
3906091     87
3906477     87
3876179     87
3936572     87
3907929     87

// 6 speed
4027162     80
4027241     80
4026990     80
4026982     80
4057087     80
4026954     80

// 4 speed
4993721     70
4901760     70
4931938     70
5022631     70
5022364     70
4963202     70

// 8 speed
3817221     92
3785890     92
3815968     92
3785650     92
3876415     92
3756601     92

x = v*t - 0.5v*ta
