// Speed 5
// Dist 75
5114109
5083733
5083164
5053033
5052435
5082679
5052633
// Dist 80
5294027
5293827
5294266
5294051
5294847

// Speed 6
// Dist 75
4631222
4630256
4570349
4570043
4569946
4570478
4571982
4660441
// Dist 80
4750851
4720645
4811324
4750925
4751000

// Speed 7
// Dist 80
4510338
4419121
4420397
4419639
4510073
4419400
// Dist 85
4660714
4570497
4660554
4540110
4660475
4661657

// Speed 8
// Dist 80
4208386
4330176
4328590
4238886
4208295
4298747
4298687
4238382
// Dist 85
4359350
4449304
4420498
4361219
4449293
4359120

// Speed 9
// Dist 85
4329183
4298993
4240531
4298902
4208643
// Dist 90
4450138
4330545
4419022
4329061
4329193

// Speed 10
// Dist 90
4268345
4238421
4238155
4268324
4328686
// Dist 95
4358975
4360597
4449491
4419327
4359247

// Speed 11
// Dist 169
5655812
5656255
5687146
5656282
5658176
5776679

// Speed 12
// Dist 169
5506923
5597818
5505878
5565705
5474820
5475537
5565316

// Speed 13
// Dist 169
5384854
5384324
5384447
5384374
5354425
5354426
5354427
5385405
5384350

// Speed 14
// Dist 169
5384520
5354279
5356961
5354428
5354300

