3734527
3838976
4100148
4491879
4961971
5510374
6267750
7233920
8487526
10498458
13057740
18594176

3734477
3839002
4100172
4465716
4988006
5484237
6267699
7233996
8487577
10498355
13057638
18541875

3760589
3812864
4100095
4491853
4961946
5510323
6267699
7233946
8487501
10498407
13057741
18541901

3760588
3812889
4100122
4465767
4988058
5484236
6267699
7233945
8487501
10498431
13057715
18567987

3734477
3838976
4100096
4465715
4988057
5510349
6241536
7234023
8539750
10472269
13083853
18541926

3734528
3839027
4100199
4491827
4961946
5484237
6267700
7207884
8513587
10524467
13057690
18541926

3760615
3812890
4100096
4491828
4961945
5510451
6215501
7233997
8513664
10524467
13031604
18515815

3760589
3812864
4126234
4465818
4961945
5510374
6241561
7233971
8539750
10498406
13031578
18515866

3734476
3812812
4126259
4465715
4988083
5484237
6241561
7233997
8487577
10498432
13083750
18541953

3760640
3812915
4126234
4465766
4988058
5510297
6215501
7233997
8513639
10550630
13057639
18541927

3734477
3838925
4073984
4491878
4988135
5510298
6241587
7234048
8513639
10498406
13057689
18515814

3760640
3812915
4100147
4465767
5014272
5484236
6241587
7207860
8487527
10498406
13057690
18567987

3734477
3839079
4100122
4491853
4961946
5510375
6267699
7233997
8487526
10472294
13057690
18568039

3734528
3812890
4126208
4465741
4961945
5510374
6267673
7233945
8513664
10498381
13031577
18541927

3734528
3812838
4126233
4465715
4961946
5510425
6241613
7233996
8513639
10498381
13083853
18515763

3734477
3838950
4126259
4465766
4961946
5510400
6267776
7233971
8513690
10498432
13057715
18568013

