935091
965376
1055770
1146189
1267123
1387751
1598873
1840256
2141747
2654695
3801063
5912628

935040
965299
1055897
1146445
1267098
1387776
1598899
1810099
2141721
2654566
3258164
5882419

935244
995584
1055718
1146444
1297127
1417830
1568691
1809920
2141926
2654515
3288090
5882497

935244
965427
1055847
1116108
1266969
1387802
1568614
1810099
2141926
2654567
3288089
5882496

935091
965248
1055769
1146240
1267072
1387596
1598771
1809996
2141875
2654567
3257907
4615527

935091
965427
1055923
1146291
1267123
1387596
1538560
1809920
2141824
2624589
3288166
4645555

935039
965377
1055719
1146265
1266918
1357568
1568614
1810048
2111744
2654746
3288167
4645735

935091
965299
1025562
1146215
1266944
1387750
1568691
1809920
2111616
2624589
3288166
4615449

935117
965427
1055770
1146265
1267123
1387724
1568564
1810099
2141773
2624512
3288167
4645633

935219
965376
1055923
1146240
1267047
1387545
1568614
1810099
2141722
2654566
3288243
4645734

935244
965300
1055769
1146394
1267072
1387572
1568563
1840179
2141721
2654567
3258010
4615526

935271
965248
1055923
1146291
1267072
1387597
1598746
1810048
2141721
2654567
3258010
4645530

965222
995456
1055898
1116237
1236813
1387546
1568691
1810176
2111744
2654566
3258035
4615526
