1297280
1357389
1478221
1598822
1779891
1960729
2232397
2564173
3046733
3770675
4645811
6636647

1297127
1357542
1478195
1598797
1779993
1960729
2232423
2594252
3046861
3740800
4645504
6636519

1297075
1357440
1478221
1598720
1779764
1960908
2232192
2594176
3046989
3770675
4645556
6636646

1297075
1357542
1448013
1598745
1779737
1960832
2232397
2564224
3046861
3770726
4675866
6636493

1297127
1357644
1447860
1598746
1779763
1960730
2262400
2594202
3046938
3770829
4645734
6636698

1297203
1357542
1478221
1598950
1779712
1960704
2232372
2594355
3046733
3770982
4645530
6636621

1297075
1357594
1478093
1628902
1749683
1960755
2232345
2594484
3046681
3770983
4645657
6636698

1297050
1357542
1478220
1598745
1810048
1960857
2262426
2594483
3046861
3770701
4675891
6636621

1297255
1357389
1448089
1598950
1779916
1960704
2262554
2594227
3046861
3770855
4675788
6636723

1297280
1357414
1447910
1599002
1810099
1960755
2262400
2594253
3046887
3770880
4675737
6636647

1297305
1357465
1447936
1598695
1779712
1960807
2232499
2594228
3046861
3770675
4645658
6636493

1297229
1357619
1478323
1598771
1810022
1960857
2232473
2594356
3046681
3770752
4675815
6636620

1297306
1357465
1448115
1598900
1779789
1960781
2232422
2594227
3046886
3770829
4675814
6636723
