1593038
1645261
1749709
1906406
2193715
2376499
2768204
3186074
3760640
4674663
5771520
8148019

1566925
1671373
2089267
78998989
2193715
2428723
2768231
3186074
3734528
4622388
5719245
8121907

1593037
1645260
1801984
1906432
2141440
2350387
2742067
3186073
3760640
4622388
5719245
8121907

1801984
2742118
1906432
1906432
2141440
2350388
2742119
3159961
3734477
4648550
5693184
8148019

1593011
1645287
1775846
1906432
2167552
2402611
2768231
3186073
3734476
4622387
5693132
8121856

1593037
1645261
1775872
1932518
2167604
2376499
2768230
3159962
3734476
4596326
5640909
8095744

114150195
1671373
2637671
2977177
2324275
2376499
2768230
3186073
3760640
4648550
5745357
8174131

1593063
1645261
1749760
1880269
2141440
2376474
2742118
3186074
3760640
4622438
5745356
8174080

1566925
1619149
1723597
1906432
2115328
2376499
2742118
3186074
3734528
4596275
5719271
8095769

2585446
3055463
2219827
2324275
2141440
2350387
2716006

