3682253
3786777
4047923
4413491
4935783
5432013
6189389
7155583
8435353
10420122
12953242
18359040

3682253
3786803
4021760
4413492
4935833
5431987
6189415
7155635
8435328
10393856
12953241
18306867

3682253
3786701
4021837
4439706
4909747
5432064
6163252
7181747
8409164
10420070
12953241
18359143

3656140
3786803
4021837
4439629
4935834
5432038
6163251
7155609
8435302
10420020
12927052
18280781

3682278
3760665
4047872
4439705
4909670
5432039
6163200
7155635
8409139
10472346
12927156
18306867

3682253
3760640
4047924
4413543
4935808
5432012
6189363
7155610
8409139
10420019
12927155
18306867

3682304
3760614
4047974
4413543
4909773
5431987
6163303
7129447
8435251
10393907
12953267
18385255

3682252
3786701
4021811
4413593
4909696
5432012
6189389
7129524
8435251
10393959
12927104
18306893

3656141
3760589
4021785
4413517
4909696
5431988
6163200
7129472
8435277
10394009
12953242
18332954

3682253
3760614
4047872
4439654
4909722
5431962
6137139
7155635
8435302
10393959
12953267
18306817

3682252
3760640
4021811
4439604
4909670
5405849
6163200
7155661
8409088
10393907
12953293
18306893

3682252
3760666
4021837
4439603
4883609
5432038
6189414
7129446
8435354
10393958
12953242
18306918

3682252
3760614
4047924
4413568
4935884
5432064
6163277
7129523
8409190
10393959
12953293
18306867

3682252
3760640
4047872
4387380
4909722
5431962
6163199
7155584
8409191
10446106
12953241
18333005

3682252
3760691
4047872
4413542
4909721
5432038
6163277
7155610
8409139
10420070
12927130
18306867

3656192
3760665
4047924
4413593
4883610
5432013
6137165
7155635
8409139
10393933
12953242
18359142

3682253
3760615
4021760
4413491
4883584
5432013
6189415
7155686
8383002
10393984
12927129
18306816

3682253
3760640
4021811
4439603
4883610
5431987
6137088
7155661
8409242
10446156
12953242
18359117

3682253
3760666
4021785
4439603
4909722
5432038
6137139
7155609
8383078
10420070
12901018
18333005
