861797
914022
992410
1070746
1175193
1305753
1488589
1697484
2089215
2585446
3368858
4256819

887910
914048
966247
1070745
1175193
1305754
1462426
1723597
2089216
2585395
3368908
4309043

861824
914022
966298
1070746
1175193
1305805
1488563
1697484
2089216
2559334
3368857
4309043

861798
914022
992409
1070746
1175194
1305753
1462426
1697536
2089216
2585396
3342746
4282906

887962
914074
992409
1070694
1175193
1331891
1488538
1697485
2089216
2559283
3342746
4282931

861798
914022
966247
1044633
1175142
1305754
1488589
1723596
2089216
2559334
3342745
4282906

887911
914074
992359
1070720
1201280
1305754
1462476
1697511
2063130
2585395
3368909
4282931

887910
914022
966247
1070745
1175194
1331865
1462451
1697485
2063104
2559335
3342746
4282931

887961
914023
966246
1070746
1201305
1331917
1462477
1723597
2089217
2559334
3342745
4256819

887936
914023
966246
1070746
1201306
1305753
1488589
1723597
2063104
2559309
3316659
4282880

