1096909
1123021
1201280
1331891
1462477
1619174
1828096
2115430
2559283
3159910
4178483
5301402

1096858
1096883
1201306
1305753
1436314
1593088
1828044
2115405
2559284
3160013
4126311
5275290

1096884
1096909
1201357
1331917
1462476
1593012
1828044
2115328
2559386
3159911
4152423
5301402

1122970
1123047
1201305
1305856
1436365
1619200
1828147
2115405
2533274
3159910
4126259
5301479

1123046
1122919
1227494
1305753
1436391
1593139
1802036
2115328
2559335
3186074
4126259
5275392

1122970
1122970
1201357
1305804
1462476
1593139
1801959
2115353
2559360
3159911
4152372
5249178

1122995
1122970
1201254
1305753
1436314
1593012
1802010
2089216
2559335
3160013
4178483
5275289

1122970
1096857
1201357
1305805
1436416
1593037
1828045
2089267
2559334
3186074
4152372
5275315
