2604979
2214221
2004172
1873689
1769139
1691904
1638604
1664845

2578662
2213684
2005069
1847756
1769318
1690803
1664614
1638861

2606873
2213377
2005145
1873510
1770470
1693517
1638835
1638502

2605107
2213018
2005862
1873562
1771008
1690752
1638707
1638528

2579559
2213223
2004429
1873766
1769421
1692211
1665254
1638605

2606259
2213964
2004762
1873715
1769063
1690726
1639296
1639987

2605056
2213965
1978240
1873715
1769421
1690982
1638580
1638502

2578842
2213581
2005146
1847475
1770957
1693466
1639604
1612621
