1823130
1664666
1560115
1429812
1377690
1353395

1847706
1638477
1534310
1429632
1377587
1325260

1821389
1667277
1534310
1430733
1351629
1325132

1847654
1665383
1534080
1430579
1377356
1325466

1847552
1664563
1534157
1430118
1378202
1325901

1821594
1664691
1534746
1429914
1351245
1326643

1847756
1665075
1534746
1429914
1377408
1325235

1847603
1638861
1534413
1429785
1351987
1325210

1847629
1664793
1534157
1430016
1351245
1326516

1847706
1666278
1534080
1429760
1351475
1326822

1821388
1666073
1535513
1429913
1377638
1326874
