Vi: 13
Vf: 13
1090381
1090048
1116212
1117952
1116467
1090048
1090151
1118285
1091328
1116467
Vi: 13
Vf: 12
1168768
1168614
1168512
1142579
1168461
1169741
1168614
1168717
1168537
1168819
Vi: 13
Vf: 11
1247027
1248819
1246720
1247053
1247668
1221479
1220864
1246822
1246771
1246925
Vi: 13
Vf: 10
1351373
1326387
1325107
1325389
1325466
1352474
1325414
1325261
1325875
1351987
Vi: 13
Vf: 9
1403801
1429888
1406054
1403443
1457434
1429632
1432192
1403776
1455668
1432294
Vi: 13
Vf: 8
1534183
1508351
1536666
1535488
1535667
1508198
1508249
1508198
1561370
1560448
Vi: 13
Vf: 7
1638733
1639961
1638451
1639014
1638784
1638656
1613670
1639578
1638784
1664998
Vi: 13
Vf: 6
1796659
1769241
1797863
1771699
1743001
1769113
1795635
1771853
1821747
1795405
Vi: 13
Vf: 5
1926144
1952077
1978905
1900877
1952743
1901056
1978266
1978599
1926246
1926042
Vi: 13
Vf: 4
2135015
2057805
2161280
2136499
2160973
2134963
2082509
2160794
2082714
2030489
Vi: 13
Vf: 3
2213376
2135449
2163559
2318950
2239130
2265472
2266829
2164429
2241536
2162714

Vi: 12
Vf: 13
1116262
1143193
1116749
1143732
1142374
1117876
1116262
1117645
1116262
1116160
Vi: 12
Vf: 12
1169178
1194701
1194752
1195187
1169843
1194932
1194700
1170611
1195750
1171020
Vi: 12
Vf: 11
1300787
1273165
1272883
1273139
1273267
1299046
1273472
1301683
1275187
1275520
Vi: 12
Vf: 10
1379148
1377383
1378253
1377485
1377408
1377587
1377484
1351271
1377332
1377383
Vi: 12
Vf: 9
1482086
1481831
1481908
1482215
1482087
1482138
1482087
1482112
1482035
1482086
Vi: 12
Vf: 8
1613466
1612749
1638451
1586227
1586892
1586355
1586227
1587379
1615284
1612672
Vi: 12
Vf: 7
1769370
1770880
1770701
1769395
1769114
1745203
1769421
1769293
1717786
1743309
Vi: 12
Vf: 6
1977984
1926067
1925734
1978905
1901798
1900006
1925862
1978470
1953638
1977984
Vi: 12
Vf: 5
2186957
2161101
2187316
2161203
2213632
2187264
2187828
2163174
2162611
2135091
Vi: 12
Vf: 4
2397312
2422118
2372506
2395929
2345805
2422093
2396006
2395955
2448076
2422246
Vi: 12
Vf: 3
2684237
2658329
2683315
2683469
2657485
2631347
2683135
2683494
2709555
2579124

Vi: 11
Vf: 13
1116263
1117133
1142605
1116467
1117645
1116314
1116825
1143680
1143424
1117082
Vi: 11
Vf: 12
1194599
1194804
1195008
1194598
1194624
1195264
1195033
1194726
1195110
1195443
Vi: 11
Vf: 11
1273549
1274368
1273139
1299738
1273114
1299046
1299609
1274060
1299430
1299276
Vi: 11
Vf: 10
1403930
1377639
1406054
1405927
1403776
1403776
1403776
1429555
1404032
1403699
Vi: 11
Vf: 9
1534362
1534336
1534233
1508224
1534003
1534080
1534234
1534336
1534336
1534310
Vi: 11
Vf: 8
1664819
1665613
1691161
1664870
1664614
1664793
1690777
1665997
1666509
1666048
Vi: 11
Vf: 7
1876147
1847399
1847604
1847629
1873767
1847501
1823308
1847527
1848986
1848550
Vi: 11
Vf: 6
2082534
2082995
2082636
2110029
2082534
2082611
2082739
2056499
2082535
2082713
Vi: 11
Vf: 5
2343910
2370253
2344500
2370151
2343911
2370995
2369895
2343884
2343884
2370022
Vi: 11
Vf: 4
2683443
2683085
2709300
2657203
2634368
2709197
2709555
2709299
2659609
2630989
Vi: 11
Vf: 3
3022643
3101159
2996813
3048755
3075149
3075174
3049548
2996531
3075148
3022951

Vi: 10
Vf: 13
1169024
1169613
1168409
1168588
1169433
1168615
1168614
1168487
1168691
1168691
Vi: 10
Vf: 12
1220710
1222631
1247027
1220838
1220890
1220864
1220762
1221914
1248589
1221683
Vi: 10
Vf: 11
1299072
1325466
1325312
1299943
1299149
1325236
1325261
1299251
1326796
1325261
Vi: 10
Vf: 10
1429556
1403802
1429657
1404877
1429606
1429606
1429786
1403725
1429862
1430426
Vi: 10
Vf: 9
1562470
1560781
1560115
1560422
1560345
1560474
1560679
1560474
1560653
1560346
Vi: 10
Vf: 8
1716966
1743309
1743309
1717402
1717760
1717325
1744845
1693926
1744692
1720192
Vi: 10
Vf: 7
1926119
1951872
1925888
1925837
1951846
1926477
1952077
1925760
1926042
1952256
Vi: 10
Vf: 6
2239283
2213069
2187008
2187060
2239514
2213043
2213273
2188083
2213069
2239258
Vi: 10
Vf: 5
2554752
2553318
2526771
2500659
2526771
2527360
2578944
2526669
2528871
2526695
Vi: 10
Vf: 4
3022720
2970522
2971238
2944307
2970393
2944512
2971827
3022925
2970419
2970726
Vi: 10
Vf: 3
3416320
3466905
3492966
3519052
3519744
3492659
3519002
3519104
3442970
3440692

Vi: 9
Vf: 13
1220813
1220608
1220608
1221760
1195393
1221043
1196185
1194496
1223424
1220813
Vi: 9
Vf: 12
1272960
1248614
1246822
1274599
1246848
1273446
1273011
1272935
1274163
1246720
Vi: 9
Vf: 11
1351194
1351476
1353088
1351501
1325338
1351476
1325261
1326873
1351705
1325389
Vi: 9
Vf: 10
1455846
1455667
1458022
1429607
1456691
1456436
1431936
1429555
1455770
1456614
Vi: 9
Vf: 9
1587200
1560448
1588788
1586227
1586585
1586637
1586330
1587200
1562880
1586534
Vi: 9
Vf: 8
1770854
1769114
1743539
1743207
1743180
1769344
1744896
1769319
1743156
1795994
Vi: 9
Vf: 7
2004173
1978752
1978778
2004992
1978804
2004941
2004275
1979878
1978701
1978163
Vi: 9
Vf: 6
2318106
2344089
2317773
2344832
2346010
2343706
2343577
2291481
2343577
2317798
Vi: 9
Vf: 5
2709529
2709529
2712576
2709248
2712602
2709197
2709273
2709273
2709196
2683085
Vi: 9
Vf: 4
3283994
3284890
3101287
3205427
3232742
3283712
3283763
3257779
3233818
3257677
Vi: 9
Vf: 3
3806311
3858279
3780941
3781607
3806259
3754086
3780249
3754573
3781171
3781223

Vi: 8
Vf: 13
1273037
1273907
1274726
1249280
1273754
1246797
1274829
1272909
1273113
1272884
Vi: 8
Vf: 12
1298995
1300788
1299405
1299328
1299252
1327027
1325773
1301607
1300275
1299840
Vi: 8
Vf: 11
1377664
1379021
1377562
1377690
1380659
1377331
1379354
1377383
1377588
1377792
Vi: 8
Vf: 10
1482036
1483596
1481831
1483034
1456077
1482112
1482035
1481804
1482010
1509146
Vi: 8
Vf: 9
1612442
1614003
1612646
1612672
1586432
1613388
1612340
1612467
1614156
1612672
Vi: 8
Vf: 8
1769703
1769420
1796198
1795174
1795226
1769856
1795558
1795507
1769114
1795379
Vi: 8
Vf: 7
2031258
2032051
2032359
2056678
2057114
2030874
2030823
2030976
2056985
2056628
Vi: 8
Vf: 6
2423680
2422502
2422323
2396954
2422579
2421939
2421913
2395801
2395801
2422195
Vi: 8
Vf: 5
2865971
2839834
2866176
2867737
2840166
2866048
2840166
2840115
2867763
2841139
Vi: 8
Vf: 4
3363098
3440512
3415270
3492761
3492761
3493427
3442048
3494144
3494092
3494938
Vi: 8
Vf: 3
4120294
4145920
4146407
4067354
4119475
4145894
4119578
4094643
4067635
4171929

Vi: 7
Vf: 13
1351911
1327104
1325133
1325363
1325465
1325363
1326131
1325465
1325107
1325261
Vi: 7
Vf: 12
1351271
1351578
1351219
1351347
1352243
1351808
1351373
1351271
1351961
1377689
Vi: 7
Vf: 11
1429812
1429914
1431014
1429760
1429914
1429760
1403879
1429888
1429888
1432243
Vi: 7
Vf: 10
1534361
1536000
1534080
1536026
1508839
1534260
1535462
1535104
1509402
1534336
Vi: 7
Vf: 9
1664768
1638784
1639168
1639783
1638784
1638476
1638733
1641088
1638784
1638758
Vi: 7
Vf: 8
1823974
1795507
1795533
1821594
1795993
1795175
1821645
1796762
1795302
1821619
Vi: 7
Vf: 7
2082688
2058521
2082406
2082508
2057344
2083021
2083097
2082585
2057805
2056704
Vi: 7
Vf: 6
2474726
2474240
2474240
2448947
2476774
2474470
2474752
2448128
2474368
2474752
Vi: 7
Vf: 5
2970701
2970419
2944717
2944487
2944614
2918452
2970727
2944512
2944307
2970752
Vi: 7
Vf: 4
3623578
3623782
3624448
3623808
3649715
3649843
3675853
3597721
3623911
3623322
Vi: 7
Vf: 3
4355687
4380826
4381184
4381645
4354611
4355379
4382157
4354662
4380569
4330112

Vi: 6
Vf: 13
1482112
1456435
1481907
1482138
1482803
1482138
1484185
1456025
1482470
1482112
Vi: 6
Vf: 12
1509428
1508966
1510631
1509734
1484288
1483904
1482009
1483136
1481856
1481908
Vi: 6
Vf: 11
1534208
1563469
1534567
1535181
1534003
1536640
1534003
1535718
1560448
1534566
Vi: 6
Vf: 10
1638528
1638656
1640550
1614720
1612442
1638759
1612749
1638452
1639270
1638451
Vi: 6
Vf: 9
1717171
1716889
1717632
1717095
1716890
1717196
1716992
1718733
1719194
1744588
Vi: 6
Vf: 8
1873868
1873510
1876044
1874560
1873612
1874560
1873613
1873587
1873741
1873843
Vi: 6
Vf: 7
2110029
2108826
2110362
2109722
2108852
2109747
2108621
2109978
2108800
2108621
Vi: 6
Vf: 6
2526362
2500250
2501171
2500531
2526694
2527130
2526695
2500556
2526745
2526771
Vi: 6
Vf: 5
3048755
3048985
3048857
3049063
3075047
3023897
3077428
3049113
3024384
3025203
Vi: 6
Vf: 4
3834189
3834778
3832448
3832422
3806106
3780301
3780992
3806054
3701581
3753831
Vi: 6
Vf: 3
4643814
4720204
4720410
4694016
4746547
4643533
4669696
4615961
4617881
4591335

Vi: 5
Vf: 13
1612340
1638835
1638656
1638861
1638554
1639782
1638784
1613363
1638758
1638758
Vi: 5
Vf: 12
1639501
1638784
1639756
1638989
1638758
1612544
1639654
1638784
1638528
1638784
Vi: 5
Vf: 11
1664973
1664615
1665024
1664768
1665101
1667559
1666969
1692493
1666023
1664666
Vi: 5
Vf: 10
1771367
1743180
1769216
1743642
1769344
1743002
1743616
1769344
1743718
1769497
Vi: 5
Vf: 9
1821619
1821517
1847398
1821645
1821286
1821568
1821286
1822234
1821645
1821491
Vi: 5
Vf: 8
1978932
1978060
1951898
1978291
1980058
1978982
1978650
1978291
1978292
1979571
Vi: 5
Vf: 7
2187059
2160948
2187264
2186983
2187238
2187264
2187264
2187264
2188006
2187187
Vi: 5
Vf: 6
2552678
2553037
2552832
2552627
2552525
2553369
2553165
2552857
2552884
2552755
Vi: 5
Vf: 5
3101491
3074944
3102592
3075405
3075481
3101236
3074944
3101543
3101312
3101543
Vi: 5
Vf: 4
3884852
3910630
3910630
3832396
3833114
3832167
3807642
3912909
3911706
3885261
